-6.866801028593322309e-01
2.843355889463558661e+00
-7.472471253157064730e-01
2.013247503485350864e-01
-1.506062498607455336e+00
-3.003114675214794804e+00
-3.918024313385567670e+00
-2.745023029774569245e-01
2.353504824707348231e+00
2.614408775059641865e+00
-1.613968780946998471e+00
-1.982303627289671244e+00
1.773933956935350498e+00
-5.803332395560996115e-01
-1.559284629003615308e+00
1.128644475843895378e+00
4.019984223868289241e+00
-1.315847209363661285e+00
-6.911375433174582472e-01
5.024311253003952871e+00
3.017874883237520178e-02
-1.406977494302645848e+00
2.443997073628129679e-01
2.511431922558915453e+00
-6.533222792355100617e-02
-7.565453744777382861e-01
-6.422048896820778952e-01
2.059901791788910863e+00
-1.218590013978357867e-01
-1.790537384024585732e+00
3.454710878150412778e+00
-1.474342026204078504e-01
-3.037120672135223742e+00
1.693784114624132808e+00
7.510284835801791514e-01
1.690280222191933746e+00
1.700715863685582363e-01
2.075652406918208737e+00
-4.007018183459069016e-01
2.558429068540967410e+00
-9.284829353839474386e-02
1.824309216713822845e+00
-1.042752464488268194e+00
1.391991819941509556e+00
1.600753204488342574e+00
-2.746587894271793395e+00
-4.078244662447739977e+00
-2.706931057820014530e+00
-3.141375215170816748e+00
4.351690141497103426e+00
-3.987844488202479942e-01
2.583738567362407479e-01
-3.400687366365177655e-01
2.608160740534360755e+00
3.829593474210426507e-01
-3.591494985570161669e-01
-3.011417073137274247e+00
1.072633182831260523e+00
-4.124409902625816304e-01
5.523315597102418373e-01
-2.440358989097251019e+00
-6.666661365753947521e-01
2.174631637099768255e+00
5.253113350344296606e+00
-8.756983182288782253e-01
-8.309314924871172847e-01
2.457278884370529326e+00
9.925054264545624116e-01
-5.348028665223967248e-01
1.851104053642335767e+00
3.373993693459320653e-01
4.441983408139396072e-01
1.067520161835208148e+00
-1.690608225394225173e+00
-2.236824061369359740e+00
-2.233176855492182700e+00
-1.001385158844632084e+00
-1.074514438917073988e+00
-9.964901733355955304e-01
-2.335462446477557297e+00
-1.363210039375913896e-01
1.585237630224446415e+00
6.077838622526260393e-01
-4.135113297612179606e-01
3.128328601777175866e+00
3.849497279064199584e-01
3.399348774816315366e-01
1.517757638278427468e+00
1.227478729597892393e+00
2.193792441440840957e+00
1.694204744041863497e+00
-2.990206713694747442e+00
-1.349399278826094006e+00
-1.068695105071806761e+00
-6.428938998161861651e-01
9.653359958379147399e-01
-7.884862051012868633e-01
2.313105191976061903e+00
-8.568158028417115490e-01
3.635177431715443386e-01
